# using minimal fraction of valid points 30.00
# tas [K] from EC-Earth 2.3 experiment for CMIP5 historical
# cutting out region lon=   -0.563  359.438, lat=  -89.698   89.698
 1850   283.6467       284.3168       285.0610       285.8124       286.5757       287.3120       287.6860       287.3791       286.7619       285.7310       284.6426       283.8865    
 1851   283.9810       284.4192       285.1403       286.0452       286.7400       287.4136       287.7321       287.4869       286.8186       285.7806       284.7082       283.9550    
 1852   283.7219       284.3269       284.9811       285.9392       286.7395       287.3628       287.7036       287.4577       286.8125       285.8903       284.7874       284.4406    
 1853   284.4452       284.7510       285.3440       286.1989       286.9771       287.6357       287.9358       287.5837       286.8749       285.9182       284.9148       284.0157    
 1854   284.0082       284.5472       285.2529       285.9372       286.7365       287.4586       287.6819       287.4421       286.7076       285.6804       284.5620       283.9878    
 1855   284.0068       284.1403       284.8727       285.8973       286.5722       287.2000       287.4576       287.3467       286.5698       285.6962       284.5718       284.0244    
 1856   283.7886       284.3618       285.0558       285.9637       286.6758       287.3287       287.6836       287.4115       286.5329       285.4361       284.3716       283.9020    
 1857   283.7631       284.3383       284.8822       285.7215       286.4066       287.1759       287.3847       287.3138       286.4322       285.4378       284.3946       283.8601    
 1858   283.6676       284.0198       284.7141       285.6198       286.3864       287.0477       287.4130       287.1180       286.3883       285.4838       284.4159       283.7395    
 1859   283.7075       284.0951       284.7375       285.5545       286.3807       287.0388       287.4549       287.1747       286.5489       285.5854       284.5782       283.8141    
 1860   283.8955       284.3551       284.9787       285.6656       286.5699       287.1262       287.5188       287.2303       286.3836       285.3739       284.2315       283.7050    
 1861   283.7907       284.1530       284.8317       285.7440       286.4262       287.0244       287.5521       287.2422       286.5515       285.3311       284.2938       283.8468    
 1862   283.7959       284.4537       285.1013       285.8431       286.6072       287.3013       287.5405       287.2639       286.4618       285.4345       284.3007       283.6414    
 1863   283.6188       283.8677       284.6945       285.5984       286.3514       286.9821       287.4597       287.2272       286.6361       285.4873       284.3031       283.7514    
 1864   283.5520       284.1346       284.7443       285.5209       286.4621       287.0615       287.3564       287.2036       286.4602       285.2866       284.2396       283.6552    
 1865   283.6422       284.1661       284.8338       285.6981       286.5162       287.0773       287.3272       287.0851       286.4167       285.4603       284.3810       283.8197    
 1866   283.9527       284.3253       284.8986       285.7159       286.4684       287.0858       287.5291       287.2467       286.4511       285.5334       284.5177       283.9102    
 1867   283.8246       284.1853       284.7226       285.6657       286.4813       287.1702       287.5211       287.3323       286.5054       285.3972       284.3502       283.7815    
 1868   283.8913       284.2606       285.0125       285.6649       286.5241       287.2847       287.5210       287.3094       286.5524       285.5962       284.4818       283.8320    
 1869   283.6808       284.0650       284.6488       285.6140       286.3123       287.0898       287.4677       287.1451       286.3345       285.5089       284.3875       283.7607    
 1870   283.7763       284.0593       284.8289       285.7450       286.6140       287.2571       287.6128       287.2965       286.4638       285.4810       284.6305       283.9507    
 1871   283.9741       284.2703       284.8445       285.6872       286.6010       287.2321       287.5914       287.2791       286.6562       285.6367       284.6236       283.9932    
 1872   283.8524       284.3461       284.7505       285.7430       286.4562       287.0854       287.5813       287.3054       286.6075       285.6563       284.5279       283.8247    
 1873   283.7713       284.3003       284.9889       285.7811       286.6226       287.1644       287.5802       287.3463       286.6694       285.4333       284.4598       283.8714    
 1874   283.8333       284.3965       285.1032       285.8194       286.5384       287.1703       287.6518       287.2899       286.6039       285.6358       284.6169       284.0025    
 1875   283.8489       284.2848       284.8966       285.7103       286.4837       287.1588       287.4467       287.2570       286.5376       285.6481       284.6694       284.2660    
 1876   284.0234       284.4102       285.2632       286.0103       286.6915       287.0983       287.4947       287.2725       286.5572       285.4504       284.5735       283.8531    
 1877   284.0809       284.3625       284.9512       285.8201       286.4920       286.9779       287.3363       287.1249       286.4431       285.3770       284.5037       284.0594    
 1878   283.8250       284.3298       284.9779       285.7733       286.6138       287.2959       287.7284       287.3292       286.6777       285.6386       284.7083       284.0999    
 1879   284.0284       284.5195       284.8823       285.8584       286.6947       287.3210       287.6183       287.2837       286.5953       285.5280       284.6978       284.0210    
 1880   283.8703       284.3258       284.9651       285.8330       286.6566       287.1088       287.5363       287.1413       286.4596       285.5055       284.4638       284.1355    
 1881   283.9174       284.3921       284.9174       285.8446       286.5614       287.2434       287.6047       287.2350       286.6022       285.4605       284.6996       284.0230    
 1882   283.9616       284.2926       284.9073       285.7413       286.4587       287.3209       287.6303       287.2962       286.7500       285.5461       284.5904       284.0522    
 1883   284.0242       284.5011       285.0599       285.7513       286.6281       287.3850       287.7467       287.4479       286.5960       285.6356       284.7058       283.8631    
 1884   283.4783       284.0499       284.7021       285.5087       286.1605       286.8603       287.3443       286.9248       286.2130       285.1531       284.0811       283.5206    
 1885   283.4123       284.1634       284.6931       285.4371       286.1606       286.9220       287.1563       286.9272       286.0813       285.1534       284.1152       283.6135    
 1886   283.6515       284.1103       284.9026       285.4717       286.2520       286.9290       287.2324       287.0052       286.1394       285.3955       284.1861       283.6256    
 1887   283.4851       283.7363       284.5630       285.5037       286.3575       287.0767       287.3298       286.9750       286.4061       285.3297       284.3740       283.7153    
 1888   283.6980       284.1594       284.8245       285.6950       286.4220       287.1118       287.5056       287.1451       286.3116       285.2580       284.3474       283.6589    
 1889   283.5557       284.1559       284.6224       285.5876       286.2619       286.9030       287.3084       286.9151       286.2231       285.2152       284.1875       283.6388    
 1890   283.4811       283.8723       284.6693       285.6521       286.3569       287.0242       287.2127       286.9746       286.3011       285.3063       284.5104       283.7384    
 1891   283.6552       284.1923       284.8568       285.5959       286.4925       287.0967       287.5635       287.2127       286.2518       285.4011       284.4935       283.8914    
 1892   283.7361       284.2379       284.8152       285.6364       286.4734       287.1261       287.5039       287.0957       286.4048       285.4347       284.4917       283.8518    
 1893   283.7235       284.2817       284.8580       285.8044       286.4914       287.2307       287.4589       287.1657       286.4749       285.4509       284.3792       283.9583    
 1894   283.7191       284.1990       284.7399       285.5963       286.4010       287.1783       287.5493       287.2572       286.5456       285.4487       284.5110       283.9445    
 1895   283.6523       284.2668       285.1031       285.8424       286.4910       287.2789       287.5244       287.3517       286.5347       285.4107       284.5320       283.6765    
 1896   283.9916       284.2629       284.9314       285.8124       286.4843       287.2743       287.5254       287.2862       286.5070       285.5086       284.4169       283.9143    
 1897   283.8424       284.3927       285.1229       285.8426       286.5552       287.2209       287.5608       287.2430       286.4749       285.4853       284.5966       283.8391    
 1898   283.8791       284.3693       284.8056       285.7177       286.6656       287.2665       287.5937       287.3380       286.4228       285.5100       284.5074       283.7862    
 1899   283.8237       284.0434       284.8574       285.8447       286.5440       287.2695       287.4394       287.2708       286.5208       285.6086       284.5331       283.8647    
 1900   283.7943       284.4465       284.9421       285.7494       286.5954       287.3184       287.5540       287.2275       286.6483       285.5597       284.5651       283.9254    
 1901   283.8566       284.1328       284.7364       285.8596       286.6018       287.3338       287.5453       287.3623       286.6895       285.5843       284.6667       284.0286    
 1902   283.9562       284.3151       284.9871       285.6154       286.5099       287.1886       287.5569       287.3681       286.5847       285.4465       284.5142       283.7570    
 1903   283.9567       284.2029       284.9631       285.6797       286.3464       287.0351       287.3770       287.1677       286.3322       285.4205       284.4014       283.6613    
 1904   283.6005       284.1507       284.6126       285.4898       286.2516       286.9965       287.3836       287.0745       286.3865       285.4081       284.4716       283.7368    
 1905   283.6575       284.1152       284.9331       285.7067       286.3212       286.9832       287.3180       287.1867       286.4943       285.5430       284.4335       283.8964    
 1906   283.8535       284.3462       284.8829       285.5988       286.4337       287.1262       287.5129       287.2976       286.6152       285.6265       284.6662       283.8350    
 1907   283.6211       284.2378       284.9657       285.7516       286.5952       287.2441       287.4953       287.2791       286.6486       285.5743       284.6180       284.0450    
 1908   284.0247       284.2253       284.9659       285.7540       286.4990       287.1230       287.5966       287.3481       286.6559       285.4852       284.5846       284.0074    
 1909   284.0651       284.3761       285.3394       286.0684       286.7733       287.2335       287.5652       287.3183       286.7435       285.7024       284.7694       284.3158    
 1910   284.0736       284.5359       285.1735       286.0151       286.6752       287.2895       287.6518       287.4869       286.6993       285.7723       284.7620       284.2254    
 1911   284.0466       284.5731       285.1073       285.8063       286.5519       287.3342       287.6125       287.3822       286.6624       285.6050       284.6874       284.1984    
 1912   283.9944       284.4229       284.9452       285.9649       286.7655       287.2911       287.5405       287.3921       286.6141       285.6928       284.5599       284.0188    
 1913   283.9191       284.3479       284.8788       285.8029       286.5224       287.1517       287.4227       287.2196       286.4333       285.5470       284.4986       284.0577    
 1914   283.7764       284.3695       284.8518       285.7487       286.6402       287.2070       287.5491       287.4265       286.6253       285.6089       284.5236       284.1097    
 1915   284.0031       284.3139       284.8310       285.7346       286.7231       287.2651       287.6499       287.4539       286.5822       285.7179       284.7003       284.0696    
 1916   283.9442       284.4368       285.3383       286.0654       286.7146       287.3003       287.5284       287.3867       286.6632       285.6607       284.6935       284.0756    
 1917   284.0405       284.3608       285.0030       285.7776       286.5854       287.2099       287.5657       287.4177       286.6458       285.6670       284.6496       283.8346    
 1918   283.9790       284.4315       285.0168       285.9556       286.7204       287.2658       287.6655       287.4131       286.5640       285.6403       284.7953       284.0300    
 1919   283.8770       284.2571       284.9508       285.8423       286.6556       287.3336       287.5456       287.4819       286.8273       285.8126       284.8094       284.3152    
 1920   283.9823       284.3637       285.1633       286.0528       286.8821       287.4775       287.8571       287.4615       286.8174       285.7473       284.9489       284.2373    
 1921   284.0953       284.5181       285.1148       285.9316       286.8679       287.4989       287.8192       287.5333       286.7422       285.7342       284.8510       284.1805    
 1922   284.2251       284.5835       285.3903       286.0426       286.7955       287.5085       287.7601       287.7231       286.9236       285.9368       284.9343       284.1775    
 1923   284.1357       284.5200       285.2795       286.0728       286.5627       287.3777       287.7647       287.5341       286.7736       285.7649       284.8053       284.3547    
 1924   284.0750       284.7719       285.4053       286.1119       286.9017       287.4537       287.7481       287.6533       286.8117       285.7896       284.5845       283.9970    
 1925   284.0828       284.4428       285.1155       285.9668       286.7475       287.4346       287.7701       287.4956       286.8234       285.8434       284.6973       284.1675    
 1926   283.9635       284.3955       285.0977       286.0760       286.7941       287.4623       287.8424       287.6094       286.8716       285.9064       284.7165       284.2645    
 1927   284.2006       284.4490       285.2921       286.0311       286.7355       287.3871       287.7720       287.5921       286.8904       285.7519       284.7194       284.0416    
 1928   284.0565       284.4637       285.1550       286.1010       286.8406       287.5016       287.9208       287.6153       286.8659       285.8670       284.8895       284.2659    
 1929   284.0917       284.6590       285.1184       285.9351       286.8549       287.4841       287.7612       287.5496       286.8429       285.9022       284.9921       284.2241    
 1930   284.1096       284.2538       285.2754       286.0963       286.7964       287.4335       287.7317       287.6373       286.9216       285.9785       284.9616       284.2064    
 1931   284.1957       284.3581       285.0017       285.9842       286.9152       287.5055       287.9500       287.5320       286.9517       285.7869       284.8053       284.1806    
 1932   284.3001       284.4635       285.0321       285.9391       286.7755       287.5071       287.8202       287.5400       286.7443       285.8186       284.7878       284.1859    
 1933   284.1830       284.5428       285.2267       286.0446       286.8488       287.3971       287.6842       287.4572       286.8520       285.7631       284.9802       284.2642    
 1934   284.2885       284.4471       285.1850       286.0627       286.7190       287.5094       287.8282       287.7170       286.8157       285.6703       284.5818       283.9757    
 1935   284.0297       284.7152       285.2742       285.9571       286.8887       287.5147       287.8512       287.5919       286.7442       285.8563       284.8158       284.2758    
 1936   284.1045       284.7120       285.1891       285.8046       286.7743       287.3559       287.6536       287.4409       286.7595       285.7515       284.7025       284.2469    
 1937   284.0951       284.4101       285.1714       286.0349       286.8554       287.5096       287.7273       287.5753       286.7659       285.5945       284.9685       284.4920    
 1938   284.2726       284.5858       285.2647       286.0563       286.8323       287.3912       287.6982       287.5458       286.7884       285.7968       284.7852       284.0378    
 1939   284.0761       284.5071       285.0071       285.9047       286.7863       287.4341       287.8290       287.6126       286.8246       285.9510       284.9939       284.2618    
 1940   284.3229       284.6395       285.2705       286.0564       286.8265       287.8032       287.9948       287.6512       287.1389       285.9199       284.8858       284.2055    
 1941   284.2982       284.7626       285.1732       285.9896       286.8784       287.5042       287.8310       287.5594       286.9498       285.8810       284.8649       284.1251    
 1942   284.2848       284.5237       285.2292       286.0442       286.7498       287.4771       287.8125       287.6093       286.9287       285.8385       284.9052       284.0866    
 1943   284.2364       284.5259       285.1500       286.2316       286.9879       287.6035       287.9835       287.5240       286.8657       285.8650       284.9171       284.2454    
 1944   284.1821       284.4794       285.0257       286.0001       286.7353       287.3567       287.7587       287.6417       286.7474       285.8298       284.9102       284.2667    
 1945   284.0633       284.5693       285.1738       285.9602       286.7756       287.4785       287.7372       287.4932       286.7802       285.8943       284.9091       284.2393    
 1946   284.0137       284.3748       285.0258       285.9393       286.7270       287.5178       287.8808       287.4827       286.8440       285.7844       284.5904       283.8674    
 1947   283.9152       284.5143       285.3057       285.8926       286.7617       287.3910       287.8910       287.6138       286.8400       285.7639       284.7674       284.3593    
 1948   284.0782       284.5694       285.2257       285.9276       286.7823       287.5403       287.8428       287.6131       286.8933       285.8531       284.7334       284.1573    
 1949   284.1010       284.4438       284.9671       285.8762       286.6796       287.4374       287.6966       287.4375       286.7214       285.7282       284.8490       284.3478    
 1950   284.0456       284.3398       285.2562       285.8251       286.7625       287.4590       287.7205       287.5724       286.9123       285.8341       284.8370       284.3563    
 1951   284.3159       284.6270       285.2316       286.1313       286.9739       287.6995       287.9689       287.6551       286.8228       285.6665       284.7145       284.2847    
 1952   284.1132       284.4918       285.2102       285.9785       286.8404       287.4294       287.7733       287.5643       286.8370       285.8094       284.9930       284.2769    
 1953   284.1621       284.4013       285.0965       286.0279       286.9158       287.5515       287.8200       287.5069       286.7342       285.7518       284.6175       283.8913    
 1954   284.0877       284.6399       285.2739       285.8385       286.6879       287.4311       287.8232       287.5420       286.9489       285.9213       284.7509       284.2300    
 1955   284.1295       284.4867       285.2599       285.9968       286.8469       287.4564       287.7635       287.4462       286.8891       285.7384       284.6214       284.0227    
 1956   284.0028       284.3908       285.0492       285.9702       286.8541       287.4339       287.7982       287.4355       286.8173       285.8858       284.6836       283.9820    
 1957   284.0358       284.4062       285.1615       285.9383       286.6982       287.3605       287.7836       287.4915       286.8825       285.7322       284.7252       284.2051    
 1958   284.1490       284.5775       284.9615       285.8033       286.6087       287.3889       287.8556       287.5270       286.8257       285.7184       284.6945       284.1140    
 1959   283.9728       284.2484       285.2466       286.0465       286.8245       287.5319       287.8736       287.7212       286.8116       285.8680       284.7968       284.4491    
 1960   284.3502       284.6512       285.2059       286.1341       286.8431       287.6811       287.8981       287.7375       286.9588       285.9537       285.0364       284.3074    
 1961   284.1956       284.7363       285.5269       286.3138       287.0147       287.6669       287.9674       287.7165       287.0746       285.9504       284.9625       284.3570    
 1962   284.1054       284.7691       285.2000       286.1332       286.8396       287.5001       287.8041       287.6804       286.9053       285.8507       284.6565       284.3243    
 1963   284.2695       284.6928       285.3042       286.0513       286.9305       287.5807       287.8762       287.6572       286.8698       285.8289       284.7545       284.1689    
 1964   284.3715       284.7697       285.0683       285.9390       286.6179       287.2869       287.5840       287.4123       286.6494       285.6205       284.5084       284.1414    
 1965   284.0558       284.4109       285.0428       286.0098       286.7206       287.3597       287.7100       287.3826       286.7669       285.7827       284.8541       284.2804    
 1966   284.1310       284.4822       285.1268       286.0965       286.7604       287.5183       287.7422       287.4430       286.8187       285.8992       284.9179       284.3195    
 1967   284.3951       284.7552       285.3221       286.1451       286.8582       287.5156       287.8630       287.7109       287.0046       285.8186       284.8809       284.3393    
 1968   284.0833       284.6977       285.3266       286.1736       286.8376       287.6212       288.0023       287.7034       286.8497       285.7449       284.7084       284.1335    
 1969   284.0105       284.3179       285.0310       285.8910       286.5920       287.3273       287.7022       287.3850       286.7054       285.6045       284.7257       283.9150    
 1970   283.9549       284.3818       285.1410       285.8656       286.6855       287.2678       287.6922       287.5064       286.8479       285.8245       284.8833       284.1926    
 1971   284.1523       284.5659       285.3336       286.1633       286.7948       287.6309       287.9553       287.7036       286.9031       285.9898       284.9479       284.4649    
 1972   284.3620       284.8728       285.3067       286.1772       286.8173       287.5824       287.8362       287.6365       286.8698       285.8890       284.7278       284.3094    
 1973   284.3005       284.7568       285.4004       286.1239       286.8473       287.6866       287.9738       287.6746       286.9573       285.9083       284.9732       284.4872    
 1974   284.2073       284.4583       285.1389       286.1025       286.7908       287.4703       287.8523       287.6100       286.8559       285.9675       284.9644       284.4846    
 1975   284.3846       284.7661       285.4167       286.2523       286.8990       287.4902       287.8102       287.5401       286.8252       286.0076       284.8335       284.3417    
 1976   284.1953       284.7479       285.1897       286.1547       286.9525       287.6282       288.0286       287.7365       286.9988       286.1057       285.1383       284.3415    
 1977   284.5862       285.0292       285.6103       286.2914       287.1509       287.7169       288.1051       287.8855       287.0737       286.2979       285.1027       284.5059    
 1978   284.5055       284.8458       285.6157       286.3782       287.0288       287.7798       288.1339       287.9123       287.0463       285.9422       285.1491       284.7335    
 1979   284.6268       284.9632       285.5126       286.4423       287.1501       287.8464       288.2420       287.8644       287.1824       286.1144       285.1198       284.5465    
 1980   284.5794       284.7424       285.5587       286.3346       287.0647       287.7297       287.9376       287.6897       287.0480       285.9934       284.9523       284.5329    
 1981   284.4048       284.5979       285.4204       286.1132       286.8962       287.6949       287.9450       287.7869       287.1107       286.0995       285.1756       284.6989    
 1982   284.5023       284.9572       285.5229       286.4709       287.2125       287.6976       288.0335       287.7789       286.9753       286.0899       285.0789       284.5478    
 1983   284.4395       284.8974       285.5673       286.2243       286.8829       287.6615       287.9300       287.8275       286.9626       286.0100       284.9051       284.3580    
 1984   284.3408       284.7564       285.4433       286.2687       287.0068       287.6907       287.9609       287.8647       286.9471       286.1285       285.2993       284.6091    
 1985   284.5085       284.8467       285.7242       286.4816       287.0588       287.8070       288.1257       287.8274       287.1414       286.2172       285.1825       284.5394    
 1986   284.4129       284.7250       285.4458       286.2596       287.0500       287.7603       288.0772       287.7767       287.1765       286.3394       285.2910       284.4552    
 1987   284.6195       284.9728       285.6323       286.4500       287.1414       287.9448       288.2331       287.9609       287.2053       286.3284       285.2469       284.5157    
 1988   284.5558       285.0971       285.4088       286.3776       287.3388       287.9995       288.2650       288.1366       287.2323       286.4189       285.3039       284.6570    
 1989   284.7936       285.1936       285.9615       286.6359       287.3822       288.0287       288.3184       287.9603       287.3328       286.3369       285.4604       284.8649    
 1990   284.7539       285.0193       285.7220       286.6653       287.3838       288.1171       288.4295       288.2035       287.4379       286.2910       285.5621       284.6742    
 1991   284.5878       285.1548       285.7854       286.6873       287.3388       288.1136       288.3531       288.0568       287.3615       286.3556       285.3256       284.4710    
 1992   284.3782       285.0542       285.5317       286.3382       287.0088       287.7115       287.8571       287.6964       286.9651       286.1315       285.1336       284.5096    
 1993   284.5710       284.9068       285.5577       286.1816       286.9865       287.7751       288.1255       287.8146       287.1729       286.0667       285.1894       284.4613    
 1994   284.3323       284.8433       285.5614       286.3136       286.9915       287.7024       288.1243       287.7247       287.1006       286.2898       285.3216       284.8700    
 1995   284.6741       284.9132       285.7044       286.5840       287.2871       287.9905       288.2112       288.0292       287.3528       286.4426       285.5711       284.8058    
 1996   284.8132       284.9586       285.7126       286.3783       287.3224       287.9688       288.1878       288.1127       287.5336       286.4683       285.3663       284.7177    
 1997   284.6965       285.1827       285.7455       286.3780       287.2598       288.0350       288.3607       287.8182       287.3147       286.3160       285.4083       284.8734    
 1998   284.8619       285.2042       285.9509       286.8409       287.4015       288.1614       288.5890       288.2588       287.5119       286.5935       285.7072       285.1259    
 1999   284.8034       285.1348       285.8250       286.6813       287.3021       288.0620       288.3146       288.1181       287.4442       286.6117       285.6628       284.8785    
 2000   284.8584       285.0619       285.6619       286.5881       287.3957       288.1067       288.3898       288.0378       287.4083       286.6088       285.5408       285.1382    
 2001   284.8630       285.5160       286.0186       286.8019       287.5393       288.2178       288.5638       288.3002       287.6945       286.6487       285.5847       284.9852    
 2002   284.8157       285.3775       285.9483       286.7318       287.6011       288.2709       288.4696       288.3139       287.5695       286.6677       285.6791       284.9597    
 2003   285.0262       285.3593       286.0031       286.7070       287.5209       288.2393       288.5433       288.3618       287.8228       286.8708       285.8708       285.1171    
 2004   285.0880       285.2381       286.1135       286.8773       287.6073       288.2593       288.5901       288.3686       287.5741       286.6318       285.5954       284.9860    
 2005   285.1839       285.4677       286.2084       287.0266       287.6415       288.3216       288.6570       288.3064       287.7138       286.7304       285.7988       285.2154    
 2006   285.2508       285.5872       286.0953       287.0101       287.7551       288.4281       288.6022       288.4439       287.5967       286.7050       285.9341       285.2158    
 2007   285.0852       285.2735       285.9763       286.8561       287.7997       288.2927       288.5277       288.4386       287.6572       286.8660       285.6486       285.0629    
 2008   285.0732       285.4441       285.8016       286.7410       287.5764       288.2519       288.4883       288.2326       287.5431       286.5650       285.7085       285.2234    
 2009   284.9053       285.2716       286.0248       286.7781       287.4144       288.2728       288.5186       288.3667       287.6954       286.7436       285.7628       285.0753    
