# using minimal fraction of valid points 30.00
# tas [K] from GISS-E2-R model output prepared for CMIP5 historical
# cutting out region lon=    0.000  360.000, lat=  -90.000   90.000
 1850   285.5955       285.8687       286.8286       287.6607       288.4623       289.0042       289.4184       289.3387       288.5929       287.7321       286.4521       285.6915    
 1851   285.6194       285.9036       286.6392       287.7297       288.6372       289.0935       289.4114       289.2201       288.6662       287.6064       286.4568       285.6333    
 1852   285.6503       285.9290       286.6388       287.7016       288.5531       288.9388       289.3582       289.2346       288.6934       287.6404       286.4304       285.7805    
 1853   285.7208       285.9764       286.8051       287.7118       288.4732       289.0030       289.2762       289.2230       288.5510       287.5574       286.4894       285.7169    
 1854   285.5921       285.9896       286.8106       287.6912       288.4446       289.0586       289.3194       289.2952       288.5568       287.5392       286.3751       285.7310    
 1855   285.7610       286.1634       286.7493       287.8399       288.6676       289.0243       289.3770       289.2487       288.6753       287.5729       286.4569       285.6647    
 1856   285.6403       285.8003       286.7353       287.6592       288.4066       288.9278       289.2258       289.1369       288.5544       287.4970       286.2352       285.4620    
 1857   285.1652       285.7794       286.4656       287.3815       288.2450       288.7756       289.0858       289.0212       288.2943       287.2430       286.2148       285.2948    
 1858   285.3414       285.6686       286.5348       287.5263       288.3963       288.8828       289.1143       289.1332       288.4228       287.4624       286.2565       285.5150    
 1859   285.5108       285.9005       286.4867       287.6210       288.5876       289.0457       289.2660       289.2267       288.5471       287.6130       286.3708       285.7603    
 1860   285.4463       285.9928       286.8158       287.6954       288.6040       289.0722       289.3402       289.2308       288.5536       287.4880       286.4672       285.6318    
 1861   285.4466       285.9503       286.4581       287.6151       288.5429       289.0962       289.4343       289.2766       288.6655       287.5903       286.4827       285.7976    
 1862   285.4965       285.9159       286.7422       287.7902       288.6645       289.0870       289.3494       289.1560       288.5926       287.4773       286.4958       285.4690    
 1863   285.4527       285.9579       286.7543       287.8095       288.5520       289.0510       289.3211       289.2137       288.5452       287.5523       286.3837       285.5981    
 1864   285.6315       285.9619       286.7121       287.6816       288.4992       289.0897       289.4343       289.2117       288.5800       287.5016       286.3524       285.6003    
 1865   285.4543       285.9082       286.8057       287.7710       288.6770       289.1115       289.3062       289.2690       288.6562       287.6190       286.5496       285.6906    
 1866   285.6999       286.0667       286.6065       287.5191       288.4609       289.0309       289.3795       289.2863       288.7656       287.7226       286.5559       285.8816    
 1867   285.7427       286.1072       287.0141       287.8460       288.6328       289.2503       289.5497       289.3338       288.7340       287.6162       286.3526       285.7036    
 1868   285.4023       285.7674       286.5226       287.5880       288.3898       288.9083       289.2024       289.2336       288.5996       287.6018       286.4443       285.7012    
 1869   285.5762       285.9587       286.6408       287.8285       288.7026       289.1452       289.4755       289.3090       288.7415       287.7299       286.5555       285.9720    
 1870   285.7057       286.1854       287.0121       287.9587       288.5594       289.2935       289.4611       289.3826       288.7570       287.5454       286.4510       285.7669    
 1871   285.8032       285.9739       286.8258       287.6914       288.5085       289.0338       289.3077       289.1833       288.6502       287.4571       286.3347       285.5691    
 1872   285.2912       285.8389       286.6762       287.6563       288.5318       289.2159       289.4281       289.3833       288.7268       287.6348       286.5024       285.6523    
 1873   285.6508       286.1284       286.8673       287.8904       288.7843       289.1264       289.4124       289.3029       288.7110       287.7029       286.3974       285.7448    
 1874   285.5882       285.9209       286.7990       287.6970       288.6944       289.1909       289.3573       289.3779       288.7237       287.5546       286.4587       285.8890    
 1875   285.6099       286.1191       286.7337       287.7608       288.6459       289.0303       289.4145       289.2663       288.5333       287.6165       286.2515       285.5519    
 1876   285.5400       285.8140       286.5167       287.6693       288.5667       289.0459       289.3382       289.2576       288.6034       287.5854       286.4868       285.7033    
 1877   285.3971       285.9072       286.5595       287.7861       288.6210       289.1791       289.4462       289.3329       288.7862       287.5625       286.5219       285.7879    
 1878   285.6726       285.9387       286.5744       287.6907       288.4618       288.9222       289.1832       289.1887       288.5201       287.4693       286.4467       285.5789    
 1879   285.4938       285.9366       286.6095       287.6516       288.4809       288.9377       289.3401       289.2718       288.6016       287.5399       286.3936       285.6191    
 1880   285.5279       285.8957       286.5667       287.6410       288.4501       289.1082       289.2932       289.2662       288.6803       287.4816       286.4279       285.7161    
 1881   285.4366       285.8507       286.7172       287.5818       288.4689       289.0985       289.3276       289.2081       288.5266       287.5793       286.4561       285.8747    
 1882   285.3738       286.0830       286.6771       287.7776       288.5755       289.0287       289.3657       289.1825       288.6099       287.6448       286.2740       285.7053    
 1883   285.6056       285.9019       286.6639       287.6359       288.4248       288.9918       289.3014       289.2666       288.6614       287.6050       286.3637       285.5022    
 1884   285.3642       285.9055       286.5456       287.3764       288.1717       288.6462       288.9071       288.8023       288.1817       287.1079       285.8964       285.2495    
 1885   285.0359       285.5484       286.3098       287.3411       288.2269       288.7130       289.0290       288.9171       288.2326       287.1527       286.0553       285.3283    
 1886   285.1853       285.8315       286.4100       287.4312       288.2213       288.7705       289.0886       289.2280       288.5016       287.3606       286.2396       285.5482    
 1887   285.4414       285.6597       286.4158       287.3883       288.2102       288.8241       289.2021       289.1169       288.5530       287.4811       286.3970       285.5826    
 1888   285.6711       285.8170       286.6376       287.6676       288.4994       289.0569       289.3245       289.2573       288.5667       287.4663       286.2924       285.5984    
 1889   285.4261       286.0069       286.7469       287.5480       288.3885       289.0565       289.2841       289.1876       288.5400       287.3938       286.3033       285.5314    
 1890   285.3558       285.7668       286.6070       287.6673       288.4207       288.9383       289.1574       289.1685       288.4731       287.4677       286.3443       285.6203    
 1891   285.4462       285.6649       286.5339       287.5878       288.3626       289.0036       289.2112       289.0904       288.5630       287.3406       286.3080       285.3816    
 1892   285.3450       285.8015       286.5068       287.6536       288.5125       288.9738       289.1573       289.0009       288.4762       287.4696       286.3922       285.5397    
 1893   285.5265       285.8602       286.7558       287.8303       288.6101       289.0621       289.3161       289.2495       288.5688       287.6453       286.4795       285.7045    
 1894   285.4920       286.0128       286.7597       287.8345       288.6538       289.0087       289.3835       289.2672       288.5914       287.6265       286.5594       285.7517    
 1895   285.8783       286.1316       286.7944       287.8481       288.7535       289.1812       289.4519       289.2642       288.6910       287.5454       286.3318       285.7890    
 1896   285.5319       285.9219       286.7122       287.6277       288.4262       289.0092       289.3070       289.2623       288.6031       287.5498       286.5524       285.6666    
 1897   285.6420       286.1357       286.8005       287.6784       288.6617       289.0156       289.4303       289.2376       288.7431       287.6122       286.4458       285.6163    
 1898   285.6529       285.9329       286.6039       287.6390       288.5351       289.1461       289.4817       289.3620       288.7647       287.4932       286.4144       285.7281    
 1899   285.6335       286.0312       286.8753       287.7520       288.5617       289.1118       289.4172       289.2110       288.6357       287.5763       286.2911       285.4357    
 1900   285.2945       285.7165       286.6239       287.7502       288.4607       289.1174       289.3720       289.2330       288.7012       287.7052       286.6282       285.8948    
 1901   285.5945       286.2755       286.8785       287.9648       288.7047       289.1595       289.4440       289.4200       288.7868       287.6225       286.3915       285.8701    
 1902   285.8074       286.0052       286.8224       287.6429       288.6135       289.1209       289.3932       289.3614       288.7248       287.6479       286.4691       285.5998    
 1903   285.5274       285.7191       286.6577       287.3924       288.2408       288.8143       289.2110       289.0354       288.4448       287.4844       286.2849       285.4401    
 1904   285.2155       285.7865       286.4892       287.5943       288.4943       288.9246       289.2679       289.1624       288.5820       287.4775       286.4125       285.7358    
 1905   285.5135       285.9984       286.6009       287.6068       288.4774       288.9053       289.2623       289.1785       288.5457       287.4869       286.3434       285.6451    
 1906   285.5818       285.7337       286.5095       287.5723       288.4518       288.9430       289.3539       289.2032       288.5696       287.4846       286.4368       285.6148    
 1907   285.6489       286.0573       286.6838       287.7477       288.5089       289.0378       289.2543       289.2269       288.5311       287.5667       286.4131       285.7664    
 1908   285.4741       285.8873       286.7483       287.8167       288.5888       289.1180       289.4365       289.2552       288.6854       287.6364       286.3639       285.6838    
 1909   285.6591       285.9783       286.6918       287.6721       288.5741       289.1114       289.4080       289.2419       288.6496       287.6969       286.4352       285.7165    
 1910   285.7490       286.0576       286.8573       287.7625       288.5407       289.1569       289.4843       289.2956       288.6747       287.6258       286.4727       285.8249    
 1911   285.6404       286.1300       286.8687       287.9281       288.6726       289.1514       289.4893       289.3178       288.7045       287.6404       286.3970       285.8725    
 1912   285.6929       285.9950       286.8918       287.8044       288.6015       289.1748       289.4002       289.2936       288.5360       287.5507       286.3362       285.6220    
 1913   285.6968       285.9865       286.8525       287.7601       288.5087       288.9835       289.3122       289.2104       288.5834       287.6414       286.3696       285.6431    
 1914   285.5959       285.9511       286.7039       287.7984       288.5752       289.1046       289.4351       289.3034       288.5829       287.5492       286.2704       285.5268    
 1915   285.3732       286.0020       286.7112       287.7016       288.5836       289.1260       289.3363       289.2823       288.6194       287.6642       286.5032       285.7403    
 1916   285.4685       286.0422       286.7964       287.6861       288.5989       288.9685       289.4959       289.4178       288.7122       287.6625       286.5424       285.5943    
 1917   285.5764       285.9779       286.6546       287.6953       288.6415       289.2727       289.5012       289.4291       288.7412       287.6946       286.3103       285.6019    
 1918   285.4915       285.8776       286.6583       287.7826       288.5711       289.2063       289.4968       289.4639       288.9004       287.7663       286.5685       285.8272    
 1919   285.7104       286.1480       286.8575       287.7679       288.7147       289.2641       289.5280       289.4202       288.7445       287.7481       286.5466       285.8450    
 1920   285.7542       286.0166       286.8786       287.6703       288.6425       289.1118       289.4364       289.3848       288.7267       287.6938       286.5353       285.8818    
 1921   285.8175       286.1542       286.8418       287.8481       288.5933       289.2643       289.3846       289.3614       288.7072       287.6401       286.3453       285.5923    
 1922   285.5970       285.9026       286.7649       287.6367       288.4316       289.0154       289.2255       289.2811       288.7014       287.5698       286.3847       285.6912    
 1923   285.5526       285.9452       286.6937       287.7713       288.6360       289.1082       289.4514       289.3536       288.7891       287.7536       286.5977       285.7068    
 1924   285.5673       285.8886       286.7415       287.7370       288.5831       289.1178       289.4811       289.3768       288.6733       287.6778       286.6539       285.9423    
 1925   285.7783       286.0826       286.8771       287.8014       288.7277       289.3235       289.5618       289.4253       288.8720       287.7791       286.5095       285.8509    
 1926   285.7378       285.9618       286.6048       287.6870       288.6085       289.1989       289.4227       289.3982       288.7512       287.7213       286.5605       285.7517    
 1927   285.7668       286.0856       286.9729       287.7733       288.5735       289.1409       289.3801       289.3404       288.7577       287.7603       286.5664       285.8192    
 1928   285.7614       286.1702       287.0581       287.8613       288.6600       289.2617       289.5661       289.3960       288.8684       287.8446       286.6571       285.8867    
 1929   285.6392       286.1030       286.8479       287.7494       288.5958       289.1027       289.4805       289.4141       288.7383       287.7845       286.6487       285.9114    
 1930   285.7524       286.1821       286.9997       288.0622       288.7833       289.1573       289.4578       289.3626       288.7924       287.7689       286.7184       285.9817    
 1931   285.7997       286.1414       286.8270       287.8481       288.5954       289.1894       289.6115       289.4625       288.8347       287.7510       286.5342       285.7220    
 1932   285.6179       286.1649       286.7751       287.8725       288.7854       289.2000       289.4811       289.4484       288.7393       287.7019       286.5644       285.7965    
 1933   285.6167       286.1995       286.8203       287.8737       288.6529       289.1694       289.5271       289.3326       288.8075       287.8092       286.7148       285.8106    
 1934   285.8616       286.2408       286.8921       287.8971       288.8044       289.2170       289.6147       289.4061       288.8495       287.8234       286.7906       286.1066    
 1935   285.8696       286.2770       286.9026       287.9619       288.8216       289.2320       289.5304       289.4701       288.8112       287.7687       286.7622       286.1158    
 1936   285.7155       286.1821       286.8148       287.7388       288.5320       289.1936       289.5329       289.3454       288.7628       287.8196       286.5534       285.8587    
 1937   285.7769       286.3068       286.9201       287.9979       288.8167       289.2544       289.6442       289.5486       288.9326       287.8472       286.8478       285.8551    
 1938   285.6858       286.3057       286.9829       287.9763       288.7939       289.3635       289.6210       289.5540       288.9196       287.7786       286.6466       285.8697    
 1939   285.6193       286.0187       286.7373       287.7685       288.6606       289.1903       289.4227       289.3513       288.8013       287.8667       286.5830       285.8909    
 1940   285.7037       286.2463       286.9259       287.9221       288.5973       289.0558       289.4884       289.2800       288.6918       287.7647       286.5783       285.8534    
 1941   285.6522       286.0477       287.0015       287.7836       288.7156       289.1899       289.5001       289.4076       288.8773       287.9444       286.6082       285.8376    
 1942   285.8124       286.2771       287.0014       287.8835       288.7402       289.1134       289.4966       289.4195       288.7690       287.6655       286.6479       285.8789    
 1943   285.5764       286.1216       286.7333       287.6897       288.6565       289.1750       289.5245       289.2651       288.7791       287.7542       286.5875       285.8543    
 1944   285.6398       285.9447       286.8182       287.8043       288.6570       289.2665       289.3850       289.2508       288.7626       287.7084       286.6414       285.8005    
 1945   285.7748       286.0837       286.9159       287.8481       288.6931       289.2145       289.6090       289.4383       288.8032       287.7037       286.6833       285.9327    
 1946   285.7863       286.2122       286.8703       287.8596       288.6003       289.2704       289.5055       289.3691       288.6982       287.7267       286.6359       285.7317    
 1947   285.5517       286.1790       286.8262       287.6995       288.5888       289.0678       289.4582       289.3319       288.8458       287.7177       286.6644       286.0034    
 1948   285.9092       286.1387       286.8970       287.9876       288.8354       289.3268       289.6579       289.5377       288.8330       287.8335       286.7184       285.9364    
 1949   285.8049       286.2922       287.0960       288.0340       288.8984       289.3250       289.7185       289.5927       288.8479       287.8663       286.6937       285.8228    
 1950   285.6889       285.9082       286.7317       287.9476       288.7241       289.2097       289.5080       289.4393       288.8260       287.8002       286.6593       285.9827    
 1951   285.7078       286.1858       286.9575       287.9024       288.8046       289.2658       289.5930       289.4691       288.8340       287.6922       286.6073       285.8872    
 1952   285.7762       286.2186       286.9066       287.7463       288.7309       289.1965       289.5908       289.4914       288.9153       287.9366       286.6975       285.9783    
 1953   285.7655       286.2372       286.9955       287.9134       288.7936       289.2273       289.7124       289.5346       288.8929       287.8371       286.7204       286.0297    
 1954   285.9102       286.2880       287.0536       287.9483       288.8254       289.3378       289.5897       289.5121       288.9283       287.9246       286.8105       286.2143    
 1955   285.8800       286.3807       287.1461       288.0649       288.7819       289.3361       289.6750       289.5692       288.9073       287.8099       286.7108       286.0143    
 1956   285.7669       286.1514       286.8959       287.9109       288.7220       289.2193       289.5132       289.4943       288.8704       287.9171       286.7899       286.0257    
 1957   285.8296       286.3516       286.9674       287.8661       288.7888       289.3051       289.4582       289.5371       288.9335       287.7761       286.7598       285.7906    
 1958   285.6521       286.1371       286.9859       287.9106       288.7737       289.1884       289.6510       289.5037       288.8661       287.8380       286.7375       286.0989    
 1959   285.9587       286.3121       286.9913       287.9647       288.8089       289.2213       289.6194       289.5019       288.9667       287.8645       286.7328       285.8988    
 1960   285.8739       286.2612       286.9288       287.9481       288.7418       289.2426       289.6461       289.4994       288.8840       287.8944       286.7527       286.0724    
 1961   285.8475       286.2721       287.0322       288.0126       288.6669       289.2185       289.6388       289.4037       288.8876       287.7651       286.5914       285.8483    
 1962   285.8136       286.2744       286.9780       287.9157       288.7825       289.2827       289.5566       289.5277       288.8399       287.8020       286.7080       285.9873    
 1963   285.9517       286.1810       286.8983       287.8908       288.6638       289.2331       289.5348       289.3987       288.8523       287.7688       286.4843       285.7906    
 1964   285.7653       286.1260       286.8822       287.7116       288.4771       288.9595       289.2833       289.3205       288.6482       287.5548       286.5125       285.8736    
 1965   285.6566       286.0416       286.7805       287.7353       288.5273       289.0252       289.3606       289.3678       288.7961       287.8035       286.5604       285.8779    
 1966   285.7988       286.2297       286.8448       287.9407       288.8040       289.2159       289.4561       289.3392       288.8231       287.6823       286.6305       285.7591    
 1967   285.8449       286.0967       286.6832       287.8944       288.5912       289.1621       289.4619       289.4201       288.8752       287.8661       286.7130       286.0961    
 1968   285.8143       286.1885       286.9068       287.8748       288.7858       289.2187       289.4421       289.4163       288.7871       287.9002       286.6254       285.9992    
 1969   285.9020       286.1993       286.9526       287.9400       288.7379       289.2172       289.4776       289.4947       288.8324       287.7158       286.5818       285.9557    
 1970   285.9201       286.0538       287.0136       287.7875       288.7346       289.2641       289.4876       289.3538       288.8550       287.7465       286.7771       286.0061    
 1971   286.0520       286.3893       286.9590       288.0681       288.9063       289.2532       289.5541       289.5257       288.8221       287.9341       286.6485       285.9583    
 1972   285.8777       286.2825       286.9230       287.8241       288.7524       289.1974       289.4556       289.4697       288.8251       287.7501       286.7060       286.2234    
 1973   286.0454       286.5114       287.3246       288.0692       288.7807       289.2997       289.7311       289.6617       289.0055       287.9570       286.9087       286.1518    
 1974   286.2277       286.3381       287.0466       288.0898       288.9354       289.3343       289.7224       289.6331       289.0508       287.9805       286.8978       286.2190    
 1975   286.0981       286.3211       287.0722       287.9785       288.9233       289.4893       289.7286       289.7186       288.9919       288.0081       286.9095       286.1283    
 1976   286.3321       286.4800       287.2635       288.1494       288.9426       289.4459       289.6726       289.5461       289.0612       288.0359       286.9487       286.1291    
 1977   286.0445       286.4329       287.1332       288.2001       289.0261       289.5000       289.7227       289.6265       289.0531       288.0375       286.8860       286.1329    
 1978   286.1402       286.3541       287.1951       288.1180       288.9793       289.3617       289.6756       289.4996       288.8962       287.8904       286.7533       286.0543    
 1979   285.9342       286.3450       287.1096       288.1382       288.8460       289.5149       289.6972       289.6595       289.1205       288.1254       287.0596       286.2723    
 1980   285.9517       286.4169       287.2177       288.2234       289.0544       289.5715       289.8544       289.7768       289.1333       288.0529       286.8500       286.3885    
 1981   286.1790       286.2040       287.1289       288.0707       288.9781       289.5302       289.8770       289.7613       289.1750       288.2187       287.1084       286.3725    
 1982   286.2199       286.5855       287.2949       288.1235       289.0027       289.4192       289.6324       289.5030       288.8555       287.8191       286.7442       285.7736    
 1983   285.8239       286.1300       286.9624       287.8204       288.6090       289.1728       289.5158       289.4092       288.8195       287.6461       286.7271       286.0061    
 1984   285.9311       286.2590       287.0187       288.0140       288.8632       289.3926       289.5910       289.5381       288.8339       287.7628       286.8109       286.1532    
 1985   285.8723       286.3044       287.0876       287.9858       288.8332       289.3355       289.6629       289.6475       288.9066       287.9768       286.9474       286.2370    
 1986   285.9828       286.4573       287.1847       288.0401       288.8500       289.4001       289.7437       289.5154       288.8976       287.8798       286.8661       286.0102    
 1987   286.2162       286.4948       286.9953       287.7630       288.8498       289.3129       289.7548       289.5504       289.0722       288.0687       286.8956       286.3541    
 1988   286.1763       286.6046       287.1427       288.2620       288.9137       289.3900       289.7401       289.6071       289.0284       288.0745       287.0659       286.3882    
 1989   286.1359       286.2974       287.1306       288.0820       288.9135       289.4546       289.7755       289.6065       289.2030       288.1636       287.0688       286.5243    
 1990   286.2096       286.3879       287.2932       288.1766       289.0678       289.5186       289.9698       289.7577       289.1745       288.1684       287.1185       286.2670    
 1991   286.1089       286.3501       287.2888       288.0398       288.9371       289.4275       289.7967       289.5790       289.0432       287.9872       286.8190       285.8599    
 1992   285.6793       286.0815       286.6420       287.7151       288.5907       289.0722       289.4752       289.4688       288.9326       287.8407       286.7869       285.9724    
 1993   286.0227       286.2356       287.2486       287.9870       288.7812       289.3098       289.5144       289.3864       288.8629       287.8492       286.6129       286.0522    
 1994   285.8018       286.2463       287.0576       287.8665       288.7604       289.3877       289.6705       289.5969       288.9407       287.9477       286.8667       286.1838    
 1995   286.0276       286.5278       287.1931       288.1989       288.9529       289.4687       289.7923       289.7766       289.1324       288.0944       287.0222       286.2912    
 1996   286.0977       286.5076       287.2853       288.1319       288.9470       289.5278       289.8220       289.7381       289.0996       288.1217       286.8675       286.0958    
 1997   286.0368       286.3018       287.0912       288.0031       288.9948       289.5348       289.7744       289.6409       289.0949       288.2216       287.2345       286.4602    
 1998   286.2932       286.7086       287.3073       288.2856       289.1996       289.6592       289.9741       289.9470       289.3400       288.2341       287.1465       286.3580    
 1999   286.2335       286.5771       287.4234       288.3613       289.2585       289.8103       290.0840       289.8897       289.2627       288.3150       287.2077       286.5170    
 2000   286.2881       286.6132       287.1602       288.2378       289.0968       289.5915       289.9615       289.8775       289.4178       288.4461       287.2979       286.6570    
 2001   286.2612       286.6685       287.5593       288.4499       289.3446       289.8534       290.1288       290.0116       289.4364       288.4273       287.3350       286.6577    
 2002   286.4790       286.6133       287.3716       288.2738       289.1941       289.7485       289.9901       289.9825       289.4093       288.4676       287.3153       286.6570    
 2003   286.4722       286.7080       287.3315       288.4679       289.2084       289.7768       290.0286       289.9869       289.4902       288.5157       287.3058       286.7549    
 2004   286.2988       286.7834       287.5371       288.4666       289.2613       289.7764       290.1715       290.0561       289.4359       288.5935       287.4749       286.7936    
 2005   286.5373       286.9440       287.5234       288.4010       289.2913       289.8042       290.0369       289.9947       289.4352       288.3218       287.3890       286.5429    
